# modified from the python library faker:
# https://github.com/joke2k/faker/blob/master/faker/providers/color/uk_UA/__init__.py

all_colors_uk_ua_names <- c(
	"\u0410\u0431\u0440\u0438\u043a\u043e\u0441\u043e\u0432\u0438\u0439",
	"\u0410\u043a\u0432\u0430\u043c\u0430\u0440\u0438\u043d\u043e\u0432\u0438\u0439",
	"\u0410\u043b\u0456\u0437\u0430\u0440\u0438\u043d\u043e\u0432\u0438\u0439 \u0447\u0435\u0440\u0432\u043e\u043d\u0438\u0439",
	"\u0410\u043c\u0430\u0440\u0430\u043d\u0442\u043e\u0432\u0438\u0439",
	"\u0410\u043c\u0430\u0440\u0430\u043d\u0442\u043e\u0432\u043e-\u0440\u043e\u0436\u0435\u0432\u0438\u0439",
	"\u0410\u043c\u0435\u0442\u0438\u0441\u0442\u043e\u0432\u0438\u0439",
	"\u0410\u043d\u0434\u0440\u043e\u0457\u0434\u043d\u0438\u0439 \u0437\u0435\u043b\u0435\u043d\u0438\u0439",
	"\u0410\u0440\u0441\u0435\u043d\u043e\u0432\u0438\u0439",
	"\u0410\u0442\u043e\u043c\u043d\u0438\u0439 \u043c\u0430\u043d\u0434\u0430\u0440\u0456\u043d\u043e\u0432\u0438\u0439",
	"\u0411\u0430\u0433\u0440\u044f\u043d\u0438\u0439",
	"\u0411\u0430\u043a\u043b\u0430\u0436\u0430\u043d\u043e\u0432\u0438\u0439",
	"\u0411\u0430\u0440\u0432\u0456\u043d\u043a\u043e\u0432\u0438\u0439",
	"\u0411\u0435\u0436\u0435\u0432\u0438\u0439",
	"\u0411\u0435\u0440\u043b\u0456\u043d\u0441\u044c\u043a\u0430 \u043b\u0430\u0437\u0443\u0440",
	"\u0411\u043b\u0430\u0432\u0430\u0442\u043d\u0438\u0439",
	"\u0411\u043b\u0430\u043a\u0438\u0442\u043d\u0438\u0439",
	"\u0411\u043b\u0430\u043a\u0438\u0442\u043d\u0438\u0439 \u0411\u0440\u0430\u043d\u0434\u0435\u0439\u0441\u0430",
	"\u0411\u043b\u0430\u043a\u0438\u0442\u043d\u043e-\u0437\u0435\u043b\u0435\u043d\u0438\u0439",
	"\u0411\u043b\u0430\u043a\u0438\u0442\u043d\u043e-\u0444\u0456\u043e\u043b\u0435\u0442\u043e\u0432\u0438\u0439",
	"\u0411\u043b\u0456\u0434\u0438\u0439 \u0440\u043e\u0436\u0435\u0432\u043e-\u043b\u0456\u043b\u043e\u0432\u0438\u0439",
	"\u0411\u043b\u0456\u0434\u043e-\u0431\u0440\u0443\u043d\u0430\u0442\u043d\u0438\u0439",
	"\u0411\u043b\u0456\u0434\u043e-\u0432\u043e\u043b\u043e\u0448\u043a\u043e\u0432\u0438\u0439",
	"\u0411\u043b\u0456\u0434\u043e-\u043a\u0430\u0440\u043c\u0456\u043d\u043e\u0432\u0438\u0439",
	"\u0411\u043b\u0456\u0434\u043e-\u043a\u0430\u0448\u0442\u0430\u043d\u043e\u0432\u0438\u0439",
	"\u0411\u043b\u0456\u0434\u043e-\u043f\u0443\u0440\u043f\u0443\u0440\u043e\u0432\u0438\u0439",
	"\u0411\u043b\u0456\u0434\u043e-\u043f\u0456\u0441\u043e\u0447\u043d\u0438\u0439",
	"\u0411\u043b\u0456\u0434\u043e-\u0440\u043e\u0436\u0435\u0432\u0438\u0439",
	"\u0411\u043e\u043b\u043e\u0442\u043d\u0438\u0439",
	"\u0411\u0440\u043e\u043d\u0437\u043e\u0432\u0438\u0439",
	"\u0411\u0440\u0443\u043d\u0430\u0442\u043d\u0438\u0439",
	"\u0411\u0440\u0443\u043d\u0430\u0442\u043e-\u043c\u0430\u043b\u0438\u043d\u043e\u0432\u0438\u0439",
	"\u0411\u0443\u0434\u044f\u043a\u043e\u0432\u0438\u0439",
	"\u0411\u0443\u0437\u043a\u043e\u0432\u0438\u0439",
	"\u0411\u0443\u0440\u0433\u0443\u043d\u0434\u0441\u044c\u043a\u0438\u0439",
	"\u0411\u0443\u0440\u0438\u0439",
	"\u0411\u0443\u0440\u0448\u0442\u0438\u043d\u043e\u0432\u0438\u0439",
	"\u0411\u0456\u043b\u0438\u0439",
	"\u0411\u0456\u043b\u0438\u0439 \u043d\u0430\u0432\u0430\u0445\u043e",
	"\u0411\u0456\u0440\u044e\u0437\u043e\u0432\u0438\u0439",
	"\u0411\u0456\u0441\u0442\u0440",
	"\u0412\u043e\u0434\u0430 \u043f\u043b\u044f\u0436\u0430 \u0411\u043e\u043d\u0434\u0456",
	"\u0412\u043e\u0445\u0440\u0430",
	"\u0412\u0456\u0434\u0431\u0456\u0440\u043d\u0438\u0439 \u0436\u043e\u0432\u0442\u0438\u0439",
	"\u0412\u0456\u0437\u0430\u043d\u0442\u0456\u0439\u0441\u044c\u043a\u0438\u0439",
	"\u0413\u0430\u0440\u0431\u0443\u0437",
	"\u0413\u0430\u0440\u044f\u0447\u043e-\u0440\u043e\u0436\u0435\u0432\u0438\u0439",
	"\u0413\u0435\u043b\u0456\u043e\u0442\u0440\u043e\u043f",
	"\u0413\u043b\u0438\u0431\u043e\u043a\u0438\u0439 \u0444\u0456\u043e\u043b\u0435\u0442\u043e\u0432\u0438\u0439",
	"\u0413\u043b\u0438\u0446\u0456\u043d\u0456\u044f",
	"\u0413\u0440\u0443\u0448\u0435\u0432\u0438\u0439",
	"\u0413\u0443\u043c\u0456\u0433\u0443\u0442",
	"\u0413\u0456\u0440\u0447\u0438\u0447\u043d\u0438\u0439",
	"\u0414\u0435\u0440\u0435\u0432\u0430",
	"\u0414\u0436\u0438\u043d\u0441\u043e\u0432\u0438\u0439",
	"\u0414\u0456\u0430\u043c\u0430\u043d\u0442\u043e\u0432\u043e-\u0440\u043e\u0436\u0435\u0432\u0438\u0439",
	"\u0416\u043e\u0432\u0442\u0438\u0439",
	"\u0416\u043e\u0432\u0442\u043e-\u0437\u0435\u043b\u0435\u043d\u0438\u0439",
	"\u0416\u043e\u0432\u0442\u043e-\u043f\u0435\u0440\u0441\u0438\u043a\u043e\u0432\u0438\u0439",
	"\u0417\u0430\u0445\u0438\u0441\u043d\u0438\u0439 \u0441\u0438\u043d\u0456\u0439",
	"\u0417\u0435\u043b\u0435\u043d\u0430 \u0432\u0435\u0441\u043d\u0430",
	"\u0417\u0435\u043b\u0435\u043d\u0430 \u043c\u02bc\u044f\u0442\u0430",
	"\u0417\u0435\u043b\u0435\u043d\u0430 \u0441\u043e\u0441\u043d\u0430",
	"\u0417\u0435\u043b\u0435\u043d\u0435 \u043c\u043e\u0440\u0435",
	"\u0417\u0435\u043b\u0435\u043d\u0438\u0439",
	"\u0417\u0435\u043b\u0435\u043d\u0438\u0439 \u0430\u0440\u043c\u0456\u0439\u0441\u044c\u043a\u0438\u0439",
	"\u0417\u0435\u043b\u0435\u043d\u0438\u0439 \u043c\u043e\u0445",
	"\u0417\u0435\u043b\u0435\u043d\u0438\u0439 \u043f\u0430\u043f\u043e\u0440\u043e\u0442\u044c",
	"\u0417\u0435\u043b\u0435\u043d\u0438\u0439 \u0447\u0430\u0439",
	"\u0417\u0435\u043b\u0435\u043d\u043e-\u0441\u0456\u0440\u0438\u0439 \u0447\u0430\u0439",
	"\u0417\u0435\u043b\u0435\u043d\u0443\u0432\u0430\u0442\u043e-\u0431\u043b\u0430\u043a\u0438\u0442\u043d\u0438\u0439",
	"\u0417\u043e\u043b\u043e\u0442\u0430\u0432\u043e-\u0431\u0435\u0440\u0435\u0437\u043e\u0432\u0438\u0439",
	"\u0417\u043e\u043b\u043e\u0442\u0438\u0439",
	"\u0417\u043e\u043b\u043e\u0442\u0438\u0441\u0442\u043e-\u043a\u0430\u0448\u0442\u0430\u043d\u043e\u0432\u0438\u0439",
	"\u0406\u043d\u0434\u0438\u0433\u043e",
	"\u0406\u0440\u0436\u0430\u0432\u0438\u0439",
	"\u041a\u0430\u0440\u0434\u0438\u043d\u0430\u043b (\u043a\u043e\u043b\u0456\u0440)",
	"\u041a\u0430\u0440\u043c\u0456\u043d\u043e\u0432\u0438\u0439",
	"\u041a\u0430\u0448\u0442\u0430\u043d\u043e\u0432\u0438\u0439",
	"\u041a\u043e\u0431\u0430\u043b\u044c\u0442\u043e\u0432\u0438\u0439",
	"\u041a\u043e\u043b\u0456\u0440 \u0436\u043e\u0432\u0442\u043e\u0433\u043e \u0448\u043a\u0456\u043b\u044c\u043d\u043e\u0433\u043e \u0430\u0432\u0442\u043e\u0431\u0443\u0441\u0430",
	"\u041a\u043e\u043b\u0456\u0440 \u0437\u0430\u0441\u043c\u0430\u0433\u0438",
	"\u041a\u043e\u043b\u0456\u0440 \u043c\u043e\u0440\u0441\u044c\u043a\u043e\u0457 \u043f\u0456\u043d\u0438",
	"\u041a\u043e\u043b\u0456\u0440 \u043c\u043e\u0440\u0441\u044c\u043a\u043e\u0457 \u0445\u0432\u0438\u043b\u0456",
	"\u041a\u043e\u0440\u0430\u043b\u043e\u0432\u0438\u0439",
	"\u041a\u043e\u0440\u043e\u043b\u0456\u0432\u0441\u044c\u043a\u0438\u0439 \u0441\u0438\u043d\u0456\u0439",
	"\u041a\u0440\u0435\u043c\u043e\u0432\u0438\u0439",
	"\u041a\u0443\u043a\u0443\u0440\u0443\u0434\u0437\u044f\u043d\u0438\u0439",
	"\u041a\u0456\u043d\u043e\u0432\u0430\u0440",
	"\u041b\u0430\u0432\u0430\u043d\u0434\u043d\u0438\u0439",
	"\u041b\u0430\u0437\u0443\u0440\u043e\u0432\u0438\u0439",
	"\u041b\u0430\u0437\u0443\u0440\u043e\u0432\u043e-\u0441\u0438\u043d\u0456\u0439",
	"\u041b\u0430\u0439\u043c",
	"\u041b\u0430\u0442\u0443\u043d\u043d\u0438\u0439",
	"\u041b\u0438\u043c\u043e\u043d\u043d\u0438\u0439",
	"\u041b\u0438\u043c\u043e\u043d\u043d\u043e-\u043a\u0440\u0435\u043c\u043e\u0432\u0438\u0439",
	"\u041b\u043b\u044f\u043d\u0438\u0439",
	"\u041b\u043e\u0441\u043e\u0441\u0435\u0432\u0438\u0439",
	"\u041b\u0456\u043b\u043e\u0432\u0438\u0439",
	"\u041c\u0430\u043b\u0430\u0445\u0456\u0442\u043e\u0432\u0438\u0439",
	"\u041c\u0430\u043b\u0438\u043d\u043e\u0432\u0438\u0439",
	"\u041c\u0430\u043d\u0434\u0430\u0440\u0438\u043d\u043e\u0432\u0438\u0439",
	"\u041c\u0438\u0441\u043b\u0438\u0432\u0441\u044c\u043a\u0438\u0439",
	"\u041c\u043e\u0440\u043a\u0432\u044f\u043d\u0438\u0439",
	"\u041c\u0456\u0434\u043d\u0438\u0439",
