# modified from the python library faker:
# https://github.com/joke2k/faker/blob/master/faker/providers/job/pl_PL/__init__.py

job_formats_ru_ru <- c(
  "\u0410\u0432\u0438\u0430\u0434\u0438\u0441\u043f\u0435\u0442\u0447\u0435\u0440",
  "\u0410\u0432\u0438\u0430\u0442\u0435\u0445\u043d\u0438\u043a",
  "\u0410\u0432\u0438\u0430\u0446\u0438\u043e\u043d\u043d\u044b\u0439 \u0442\u0435\u0445\u043d\u0438\u043a",
  "\u0410\u0432\u0442\u043e\u0433\u043e\u043d\u0449\u0438\u043a",
  "\u0410\u0432\u0442\u043e\u0441\u043b\u0435\u0441\u0430\u0440\u044c",
  "\u0410\u0432\u0442\u043e\u044d\u043b\u0435\u043a\u0442\u0440\u0438\u043a",
  "\u0410\u0433\u0440\u043e\u043d\u043e\u043c",
  "\u0410\u0433\u0440\u043e\u043d\u043e\u043c \u043f\u043e \u0437\u0430\u0449\u0438\u0442\u0435 \u0440\u0430\u0441\u0442\u0435\u043d\u0438\u0439",
  "\u0410\u0433\u0440\u043e\u043d\u043e\u043c-\u043f\u043e\u0447\u0432\u043e\u0432\u0435\u0434",
  "\u0410\u0434\u0432\u043e\u043a\u0430\u0442",
  "\u0410\u0434\u043c\u0438\u043d\u0438\u0441\u0442\u0440\u0430\u0442\u043e\u0440 \u0431\u0430\u0437\u044b \u0434\u0430\u043d\u043d\u044b\u0445",
  "\u0410\u043a\u043a\u0443\u043c\u0443\u043b\u044f\u0442\u043e\u0440\u0449\u0438\u043a",
  "\u0410\u043a\u0442\u0443\u0430\u0440\u0438\u0439",
  "\u0410\u043a\u0442\u0451\u0440",
  "\u0410\u043a\u0443\u0448\u0435\u0440",
  "\u0410\u043b\u043b\u0435\u0440\u0433\u043e\u043b\u043e\u0433",
  "\u0410\u043d\u0430\u043b\u0438\u0442\u0438\u043a",
  "\u0410\u043d\u0434\u0440\u043e\u043b\u043e\u0433",
  "\u0410\u043d\u0442\u0440\u043e\u043f\u043e\u043b\u043e\u0433",
  "\u0410\u0440\u0442\u0438\u043b\u043b\u0435\u0440\u0438\u0441\u0442",
  "\u0410\u0440\u0442\u0438\u0441\u0442 \u0446\u0438\u0440\u043a\u0430",
  "\u0410\u0440\u0445\u0435\u043e\u043b\u043e\u0433",
  "\u0410\u0440\u0445\u0438\u0432\u0430\u0440\u0438\u0443\u0441",
  "\u0410\u0440\u0445\u0438\u0442\u0435\u043a\u0442\u043e\u0440",
  "\u0410\u0441\u0442\u0440\u043e\u043d\u043e\u043c",
  "\u0410\u0441\u0442\u0440\u043e\u0444\u0438\u0437\u0438\u043a",
  "\u0410\u0441\u0442\u0440\u043e\u0445\u0438\u043c\u0438\u043a",
  "\u0411\u0430\u043a\u0442\u0435\u0440\u0438\u043e\u043b\u043e\u0433",
  "\u0411\u0430\u043b\u0435\u0440\u0438\u043d\u0430",
  "\u0411\u0430\u043b\u0435\u0442\u043c\u0435\u0439\u0441\u0442\u0435\u0440",
  "\u0411\u0430\u043d\u043a\u0438\u0440",
  "\u0411\u0430\u0440\u043c\u0435\u043d",
  "\u0411\u0430\u0442\u0430\u043b\u0435\u0440",
  "\u0411\u0435\u0437\u0440\u0430\u0431\u043e\u0442\u043d\u044b\u0439",
  "\u0411\u0438\u0431\u043b\u0438\u043e\u0442\u0435\u043a\u0430\u0440\u044c",
  "\u0411\u0438\u0431\u043b\u0438\u043e\u0442\u0435\u043a\u043e\u0432\u0435\u0434",
  "\u0411\u0438\u043e\u0438\u043d\u0436\u0435\u043d\u0435\u0440",
  "\u0411\u0438\u043e\u043b\u043e\u0433",
  "\u0411\u0438\u043e\u0444\u0438\u0437\u0438\u043a",
  "\u0411\u0438\u043e\u0445\u0438\u043c\u0438\u043a",
  "\u0411\u043b\u043e\u0433\u0433\u0435\u0440",
  "\u0411\u043e\u043d\u0434\u0430\u0440\u044c",
  "\u0411\u043e\u0440\u0442-\u0438\u043d\u0436\u0435\u043d\u0435\u0440",
  "\u0411\u043e\u0440\u0442-\u043c\u0435\u0445\u0430\u043d\u0438\u043a",
  "\u0411\u043e\u0440\u0442-\u0440\u0430\u0434\u0438\u0441\u0442",
  "\u0411\u043e\u0440\u0442-\u0441\u0442\u0440\u0435\u043b\u043e\u043a",
  "\u0411\u043e\u0440\u0442\u0438\u043d\u0436\u0435\u043d\u0435\u0440",
  "\u0411\u043e\u0440\u0442\u043c\u0435\u0445\u0430\u043d\u0438\u043a",
  "\u0411\u043e\u0440\u0442\u043f\u0440\u043e\u0432\u043e\u0434\u043d\u0438\u043a/\u0441\u0442\u044e\u0430\u0440\u0434",
  "\u0411\u043e\u0442\u0430\u043d\u0438\u043a",
  "\u0411\u0440\u0435\u0439\u0434\u0435\u0440",
  "\u0411\u0440\u043e\u043a\u0435\u0440",
  "\u0411\u0443\u043b\u043e\u0447\u043d\u0438\u043a",
  "\u0411\u0443\u043b\u044c\u0434\u043e\u0437\u0435\u0440\u0438\u0441\u0442",
  "\u0411\u0443\u0445\u0433\u0430\u043b\u0442\u0435\u0440",
  "\u0412\u0435\u0431-\u0438\u043d\u0442\u0435\u0433\u0440\u0430\u0442\u043e\u0440",
  "\u0412\u0435\u0431-\u043c\u0430\u0441\u0442\u0435\u0440",
  "\u0412\u0435\u0431-\u043f\u0440\u043e\u0433\u0440\u0430\u043c\u043c\u0438\u0441\u0442",
  "\u0412\u0435\u0440\u0441\u0442\u0430\u043b\u044c\u0449\u0438\u043a",
  "\u0412\u0435\u0442\u0435\u0440\u0438\u043d\u0430\u0440",
  "\u0412\u0438\u0437\u0430\u0436\u0438\u0441\u0442",
  "\u0412\u0438\u043d\u043e\u0433\u0440\u0430\u0434\u0430\u0440\u044c",
  "\u0412\u0438\u0440\u0443\u0441\u043e\u043b\u043e\u0433",
  "\u0412\u043e\u0434\u0438\u0442\u0435\u043b\u044c",
  "\u0412\u043e\u0434\u043e\u043b\u0430\u0437",
  "\u0412\u043e\u0435\u043d\u043d\u043e-\u043f\u043e\u043b\u0435\u0432\u043e\u0439 \u0445\u0438\u0440\u0443\u0440\u0433",
  "\u0412\u043e\u0435\u043d\u043d\u043e-\u043f\u043e\u043b\u0435\u0432\u043e\u0439 \u0445\u0438\u0440\u0443\u0440\u0433",
  "\u0412\u043e\u0435\u043d\u043d\u043e\u0441\u043b\u0443\u0436\u0430\u0449\u0438\u0439",
  "\u0412\u043e\u0435\u043d\u043d\u044b\u0439 \u0434\u043e\u0437\u043d\u0430\u0432\u0430\u0442\u0435\u043b\u044c",
  "\u0412\u043e\u0435\u043d\u043d\u044b\u0439 \u043a\u043e\u043d\u0441\u0443\u043b\u044c\u0442\u0430\u043d\u0442",
  "\u0412\u043e\u0435\u043d\u043d\u044b\u0439 \u043f\u0435\u0440\u0435\u0432\u043e\u0434\u0447\u0438\u043a",
  "\u0412\u043e\u0435\u043d\u043d\u044b\u0439 \u043f\u043e\u043b\u0438\u0446\u0435\u0439\u0441\u043a\u0438\u0439",
  "\u0412\u043e\u0435\u043d\u043d\u044b\u0439 \u043f\u0440\u043e\u043a\u0443\u0440\u043e\u0440",
  "\u0412\u043e\u0435\u043d\u043d\u044b\u0439 \u0441\u0443\u0434\u044c\u044f",
  "\u0412\u043e\u0435\u043d\u043d\u044b\u0439 \u044e\u0440\u0438\u0441\u0442",
  "\u0412\u043e\u0437\u0434\u0443\u0445\u043e\u043f\u043b\u0430\u0432\u0430\u0442\u0435\u043b\u044c",
  "\u0412\u043e\u043a\u0430\u043b\u0438\u0441\u0442",
  "\u0412\u043e\u0441\u043f\u0438\u0442\u0430\u0442\u0435\u043b\u044c",
  "\u0412\u043e\u0441\u043f\u0438\u0442\u0430\u0442\u0435\u043b\u044c",
  "\u0412\u043e\u0441\u0442\u043e\u043a\u043e\u0432\u0435\u0434",
  "\u0412\u0440\u0430\u0447 \u041c\u0421\u042d\u041a",
  "\u0412\u0440\u0430\u0447 \u0423\u0417-\u0434\u0438\u0430\u0433\u043d\u043e\u0441\u0442\u0438\u043a\u0438",
  "\u0412\u0440\u0430\u0447 \u0441\u043a\u043e\u0440\u043e\u0439 \u043f\u043e\u043c\u043e\u0449\u0438",
  "\u0412\u0440\u0430\u0447 \u0444\u0443\u043d\u043a\u0446\u0438\u043e\u043d\u0430\u043b\u044c\u043d\u043e\u0439 \u0434\u0438\u0430\u0433\u043d\u043e\u0441\u0442\u0438\u043a\u0438",
  "\u0412\u044b\u043f\u0443\u0441\u043a\u0430\u044e\u0449\u0438\u0439 \u0440\u0435\u0434\u0430\u043a\u0442\u043e\u0440",
  "\u0413\u0430\u0441\u0442\u0440\u043e\u044d\u043d\u0442\u0435\u0440\u043e\u043b\u043e\u0433",
  "\u0413\u0435\u043c\u0430\u0442\u043e\u043b\u043e\u0433",
  "\u0413\u0435\u043d\u0435\u0442\u0438\u043a",
  "\u0413\u0435\u043d\u0435\u0442\u0438\u043a",
  "\u0413\u0435\u043e\u0433\u0440\u0430\u0444",
  "\u0413\u0435\u043e\u0434\u0435\u0437\u0438\u0441\u0442",
  "\u0413\u0435\u043e\u043b\u043e\u0433",
  "\u0413\u0435\u043f\u0430\u0442\u043e\u043b\u043e\u0433",
  "\u0413\u0438\u0434\u0440\u043e\u043b\u043e\u0433",
  "\u0413\u0438\u043d\u0435\u043a\u043e\u043b\u043e\u0433",
  "\u0413\u0438\u0440\u0443\u0434\u043e\u0442\u0435\u0440\u0430\u043f\u0435\u0432\u0442",
  "\u0413\u0438\u0442\u0430\u0440\u0438\u0441\u0442",
  "\u0413\u043b\u044f\u0446\u0438\u043e\u043b\u043e\u0433",
  "\u0413\u043e\u043c\u0435\u043e\u043f\u0430\u0442",
  "\u0413\u043e\u0440\u043d\u0438\u0447\u043d\u0430\u044f",
  "\u0413\u043e\u0440\u043d\u043e\u0441\u0442\u0440\u0435\u043b\u043e\u043a",
  "\u0413\u043e\u0440\u043d\u044f\u043a",
  "\u0413\u043e\u0441\u0443\u0434\u0430\u0440\u0441\u0442\u0432\u0435\u043d\u043d\u044b\u0439 \u0438\u0441\u043f\u043e\u043b\u043d\u0438\u0442\u0435\u043b\u044c",
  "\u0413\u0440\u0430\u043d\u0430\u0442\u043e\u043c\u0451\u0442\u0447\u0438\u043a",
  "\u0413\u0440\u0435\u0439\u0434\u0435\u0440\u0438\u0441\u0442",
  "\u0413\u0440\u0435\u043d\u0430\u0434\u0435\u0440",
  "\u0413\u0440\u0438\u043c\u0435\u0440",
  "\u0413\u0440\u0443\u0437\u0447\u0438\u043a",
