# modified from the python library faker:
# https://github.com/joke2k/faker/blob/master/faker/providers/job/zh_TW/__init__.py

job_formats_zh_tw <- c(
  "BIOS\u5de5\u7a0b\u5e2b",
  "CAD\uff0fCAM\u5de5\u7a0b\u5e2b",
  "CNC\u6a5f\u53f0\u64cd\u4f5c\u4eba\u54e1",
  "CNC\u96fb\u8166\u7a0b\u5f0f\u7de8\u6392\u4eba\u54e1",
  "EMC\uff0f\u96fb\u5b50\u5b89\u898f\u5de5\u7a0b\u5e2b",
  "FAE\u5de5\u7a0b\u5e2b",
  "IC\u4f48\u5c40\u5de5\u7a0b\u5e2b",
  "IC\u5c01\u88dd\uff0f\u6e2c\u8a66\u5de5\u7a0b\u5e2b",
  "ISO\uff0f\u54c1\u4fdd\u4eba\u54e1",
  "Internet\u7a0b\u5f0f\u8a2d\u8a08\u5e2b",
  "LCD\u88fd\u7a0b\u5de5\u7a0b\u5e2b",
  "LCD\u8a2d\u5099\u5de5\u7a0b\u5e2b",
  "MES\u5de5\u7a0b\u5e2b",
  "MIS\u7a0b\u5f0f\u8a2d\u8a08\u5e2b",
  "MIS\uff0f\u7db2\u7ba1\u4e3b\u7ba1",
  "OP\uff0f\u65c5\u884c\u793e\u4eba\u54e1",
  "PCB\u4f48\u7dda\u5de5\u7a0b\u5e2b",
  "PCB\u6280\u8853\u4eba\u54e1",
  "RF\u901a\u8a0a\u5de5\u7a0b\u5e2b",
  "SMT\u5de5\u7a0b\u5e2b",
  "\u4e00\u822c\u52d5\u7269\u98fc\u80b2\u5de5\u4f5c\u8005",
  "\u4e0d\u52d5\u7522\u7522\u6b0a\u5be9\u6838\uff0f\u4f30\u50f9\u5e2b",
  "\u4e0d\u52d5\u7522\u7d93\u7d00\u4eba",
  "\u4e0d\u52d5\u7522\uff0f\u5546\u5834\u958b\u767c\u4eba\u54e1",
  "\u4e2d\u7b49\u5b78\u6821\u6559\u5e2b",
  "\u4e2d\u91ab\u5e2b",
  "\u4e2d\u9910\u5eda\u5e2b",
  "\u4e3b\u6301\u4eba",
  "\u4e3b\u7ba1\u7279\u5225\u52a9\u7406",
  "\u4e3b\u8fa6\u6703\u8a08",
  "\u4eba\u529b\u8cc7\u6e90\u4e3b\u7ba1",
  "\u4eba\u529b\u8cc7\u6e90\u4eba\u54e1",
  "\u4eba\u529b\u8cc7\u6e90\u52a9\u7406",
  "\u4eba\u529b\uff0f\u5916\u52de\u4ef2\u4ecb",
  "\u4ee3\u66f8\uff0f\u5730\u653f\u58eb",
  "\u4f30\u7b97\u4eba\u54e1",
  "\u4f5c\u66f2\u5bb6",
  "\u4f5c\u696d\u54e1\uff0f\u5305\u88dd\u54e1",
  "\u4fdd\u5168\u4eba\u54e1\uff0f\u8b66\u885b",
  "\u4fdd\u5168\u6280\u8853\u4eba\u54e1",
  "\u4fdd\u5b89\u670d\u52d9\u5de5\u4f5c",
  "\u4fdd\u7a05\u4eba\u54e1",
  "\u4fdd\u96aa\u696d\u52d9\uff0f\u7d93\u7d00\u4eba",
  "\u5009\u5132\u7269\u6d41\u4eba\u54e1",
  "\u5009\u7ba1",
  "\u50ac\u6536\u4eba\u54e1",
  "\u50b3\u64ad\u5a92\u9ad4\u4f01\u5283\u4eba\u54e1",
  "\u50b3\u92b7\u4eba\u54e1",
  "\u5132\u5099\u5e79\u90e8",
  "\u5149\u5b78\u5de5\u7a0b\u5e2b",
  "\u5149\u96fb\u5de5\u7a0b\u5e2b",
  "\u5149\u96fb\u5de5\u7a0b\u7814\u767c\u4e3b\u7ba1",
  "\u5167\u696d\u5de5\u7a0b\u5e2b",
  "\u516c\u5171\u885b\u751f\u4eba\u54e1",
  "\u516c\u5171\u885b\u751f\u91ab\u5e2b",
  "\u516c\u5bb6\u6a5f\u95dc\u4eba\u54e1",
  "\u5238\u5546\u5f8c\u7dda\u4eba\u54e1",
  "\u526f\u6559\u6388",
  "\u52a0\u6cb9\u54e1",
  "\u52a9\u6559",
  "\u52a9\u7406\u5de5\u7a0b\u5e2b",
  "\u52a9\u7406\u6559\u6388",
  "\u52de\u5de5\u5b89\u5168\u885b\u751f\u7ba1\u7406\u4eba\u54e1",
  "\u52de\u5de5\u5b89\u5168\u885b\u751f\u7ba1\u7406\u5e2b",
  "\u5305\u88dd\u8a2d\u8a08",
  "\u5316\u5b78\u5de5\u7a0b\u7814\u767c\u4eba\u54e1",
  "\u5316\u5b78\u7814\u7a76\u54e1",
  "\u5316\u5de5\u5316\u5b78\u5de5\u7a0b\u5e2b",
  "\u5347\u5b78\u88dc\u7fd2\u73ed\u8001\u5e2b",
  "\u534a\u5c0e\u9ad4\u5de5\u7a0b\u5e2b",
  "\u534a\u5c0e\u9ad4\u88fd\u7a0b\u5de5\u7a0b\u5e2b",
  "\u534a\u5c0e\u9ad4\u8a2d\u5099\u5de5\u7a0b\u5e2b",
  "\u5370\u524d\u88fd\u4f5c\uff0f\u5370\u5237\u6280\u8853\u4eba\u54e1",
  "\u53ef\u9760\u5ea6\u5de5\u7a0b\u5e2b",
  "\u540a\u8eca\uff0f\u8d77\u91cd\u6a5f\u8a2d\u5099\u64cd\u4f5c\u54e1",
  "\u547c\u5438\u6cbb\u7642\u5e2b",
  "\u54c1\u724c\u5ba3\u50b3\u53ca\u5a92\u9ad4\u516c\u95dc",
  "\u54c1\u7ba1\uff0f\u54c1\u4fdd\u4e3b\u7ba1",
  "\u54c1\u7ba1\uff0f\u54c1\u4fdd\u5de5\u7a0b\u5e2b",
  "\u54c1\u7ba1\uff0f\u6aa2\u9a57\u4eba\u54e1",
  "\u54f2\u5b78\uff0f\u6b77\u53f2\uff0f\u653f\u6cbb\u7814\u7a76\u4eba\u54e1",
  "\u552e\u7968\uff0f\u6536\u9280\u4eba\u54e1",
  "\u5546\u696d\u8a2d\u8a08",
  "\u5546\u6a19\uff0f\u5c08\u5229\u4eba\u54e1",
  "\u5674\u6f06\u4eba\u54e1",
  "\u570b\u5167\u696d\u52d9\u4e3b\u7ba1",
  "\u570b\u5167\u696d\u52d9\u4eba\u54e1",
  "\u570b\u5916\u696d\u52d9\u4e3b\u7ba1",
  "\u570b\u5916\u696d\u52d9\u4eba\u54e1",
  "\u570b\u5c0f\u5b78\u6821\u6559\u5e2b",
  "\u570b\u8cbf\u4eba\u54e1",
  "\u5716\u66f8\u8cc7\u6599\u7ba1\u7406\u4eba\u54e1",
  "\u571f\u5730\u958b\u767c\u4eba\u54e1",
  "\u571f\u6728\u6280\u5e2b\uff0f\u571f\u6728\u5de5\u7a0b\u5e2b",
  "\u5730\u52e4\u4eba\u54e1",
  "\u5730\u8cea\u8207\u5730\u7403\u79d1\u5b78\u7814\u7a76\u54e1",
  "\u5851\u81a0\u5c04\u51fa\u6280\u8853\u4eba\u54e1",
  "\u5851\u81a0\u6a21\u5177\u6280\u8853\u4eba\u54e1",
  "\u5857\u88dd\u6280\u8853\u4eba\u54e1",
  "\u58d3\u9444\u6a21\u5177\u6280\u8853\u4eba\u54e1",
  "\u5916\u52d9\uff0f\u5feb\u905e\uff0f\u9001\u8ca8",
  "\u591a\u5a92\u9ad4\u52d5\u756b\u8a2d\u8a08\u5e2b",
  "\u591a\u5a92\u9ad4\u958b\u767c\u4e3b\u7ba1",
  "\u5927\u6a13\u7ba1\u7406\u54e1",
  "\u5927\u8ca8\u8eca\u53f8\u6a5f",
  "\u5929\u6587\u7814\u7a76\u54e1",
  "\u592a\u967d\u80fd\u6280\u8853\u5de5\u7a0b\u5e2b",
  "\u5a1b\u6a02\u4e8b\u696d\u4eba\u54e1",
  "\u5a92\u9ad4\u516c\u95dc\uff0f\u5ba3\u50b3\u63a1\u8cb7",
  "\u5b89\u5168\uff0f\u885b\u751f\u6aa2\u9a57\u4eba\u54e1",
  "\u5b89\u5fc3\u670d\u52d9\u54e1",
  "\u5b89\u89aa\u73ed\u8001\u5e2b",
  "\u5ba2\u6236\u670d\u52d9\u4e3b\u7ba1",
  "\u5ba2\u6236\u670d\u52d9\u4eba\u54e1",
  "\u5ba4\u5167\u8a2d\u8a08\uff0f\u88dd\u6f62\u4eba\u54e1",
  "\u5bb6\u4e8b\u670d\u52d9\u4eba\u54e1",
  "\u5bb6\u5ead\u4ee3\u5de5",
  "\u5be6\u9a57\u5316\u9a57\u4eba\u54e1",
  "\u5bf5\u7269\u7f8e\u5bb9\u5c08\u696d\u4eba\u54e1",
  "\u5c08\u6848\u696d\u52d9\u4e3b\u7ba1",
  "\u5c08\u6848\u7ba1\u7406\u4e3b\u7ba1",
  "\u5c08\u6848\u7ba1\u7406\u5e2b",
  "\u5c08\u79d1\u8b77\u7406\u5e2b",
  "\u5c0e\u64ad",
  "\u5c0e\u6f14",
  "\u5c0e\u904a",
  "\u5c0f\u5ba2\u8eca\u53f8\u6a5f",
  "\u5c0f\u8ca8\u8eca\u53f8\u6a5f",
  "\u5c45\u5bb6\u670d\u52d9\u7763\u5c0e\u54e1",
  "\u5c55\u5834\uff0f\u6ae5\u7a97\u4f48\u7f6e\u4eba\u54e1",
  "\u5de5\u52d9\u4eba\u54e1\uff0f\u52a9\u7406",
  "\u5de5\u5546\u767b\u8a18\u670d\u52d9\u4eba\u54e1",
  "\u5de5\u5730\u76e3\u5de5\uff0f\u4e3b\u4efb",
  "\u5de5\u5ee0\u4e3b\u7ba1",
  "\u5de5\u696d\u5de5\u7a0b\u5e2b\uff0f\u751f\u7522\u7dda\u898f\u5283",
  "\u5de5\u696d\u8a2d\u8a08",
  "\u5de5\u7a0b\u52a9\u7406",
  "\u5de5\u7a0b\u7814\u767c\u4e3b\u7ba1",
  "\u5de5\u7a0b\u914d\u7ba1\u7e6a\u5716",
  "\u5de5\u8b80\u751f",
  "\u5e02\u5834\u8abf\u67e5\uff0f\u5e02\u5834\u5206\u6790",
  "\u5e73\u9762\u8a2d\u8a08\uff0f\u7f8e\u7de8\u4eba\u54e1",
  "\u5e7c\u6559\u73ed\u8001\u5e2b",
  "\u5e97\u9577\uff0f\u8ce3\u5834\u7ba1\u7406\u4eba\u54e1",
  "\u5ee0\u52d9",
  "\u5ee0\u52d9\u52a9\u7406",
  "\u5ee3\u544aAE\u696d\u52d9\u4eba\u54e1",
  "\u5ee3\u544a\u4f01\u5283\u4e3b\u7ba1",
  "\u5ee3\u544a\u6587\u6848\uff0f\u4f01\u5283",
  "\u5ee3\u544a\u8a2d\u8a08",
  "\u5efa\u7bc9\u5e2b",
  "\u5efa\u7bc9\u7269\u6e05\u6f54\u5de5",
  "\u5efa\u7bc9\u7269\u96fb\u529b\u7cfb\u7d71\u7dad\u4fee\u5de5",
  "\u5efa\u7bc9\u8a2d\u8a08\uff0f\u7e6a\u5716\u4eba\u54e1",
  "\u5f71\u7247\u88fd\u4f5c\u6280\u8853\u4eba\u54e1",
  "\u5f8b\u5e2b",
  "\u5fa9\u5efa\u6280\u8853\u5e2b",
  "\u5fae\u6a5f\u96fb\u5de5\u7a0b\u5e2b",
  "\u5fc3\u7406\u5b78\u7814\u7a76\u4eba\u54e1",
  "\u5fd7\u5de5\u4eba\u54e1",
  "\u5fd7\u9858\u5f79\u8ecd\u5b98\uff0f\u58eb\u5b98\uff0f\u58eb\u5175",
  "\u61c9\u7528\u79d1\u5b78\u7814\u7a76\u54e1",
  "\u6210\u672c\u6703\u8a08",
  "\u624b\u5de5\u5305\u88dd\u5de5",
  "\u624d\u85dd\u985e\u8001\u5e2b",
  "\u6253\u7248\u4eba\u54e1",
  "\u6280\u8853\u6587\u4ef6\uff0f\u8aaa\u660e\u66f8\u7de8\u8b6f",
  "\u6309\u6469\uff0f\u63a8\u62ff\u5e2b",
  "\u6392\u7248\u4eba\u54e1",
  "\u63a1\u8cfc\u4e3b\u7ba1",
  "\u63a1\u8cfc\u4eba\u54e1",
  "\u63a1\u8cfc\u52a9\u7406",
  "\u63a8\u571f\u6a5f\u8a2d\u5099\u64cd\u4f5c\u54e1",
  "\u64ad\u97f3\uff0f\u914d\u97f3\u4eba\u54e1",
  "\u651d\u5f71\u52a9\u7406",
  "\u651d\u5f71\u5e2b",
  "\u653e\u5c04\u6027\u8a2d\u5099\u4f7f\u7528\u6280\u8853\u54e1",
  "\u6551\u751f\u54e1",
  "\u6559\u4fdd\u54e1",
  "\u6559\u6388",
  "\u6559\u80b2\u8a13\u7df4\u4eba\u54e1",
  "\u6574\u9ad4\u9020\u578b\u5e2b",
  "\u6578\u4f4dIC\u8a2d\u8a08\u5de5\u7a0b\u5e2b",
  "\u6578\u5b78\u7814\u7a76\u54e1",
  "\u6578\u7406\u88dc\u7fd2\u73ed\u8001\u5e2b",
  "\u6587\u4ef6\u7ba1\u7406\u5e2b",
