# modified from the python library faker:
# https://github.com/joke2k/faker/blob/master/faker/providers/lorem/he_IL/__init__.py

lorem_word_list_he_il <- c(
  "\u05d0\u05d0\u05d5\u05d2\u05d5",
  "\u05d0\u05d2\u05ea",
  "\u05d0\u05d3\u05d9\u05e4\u05d9\u05e1\u05d9\u05e0\u05d2",
  "\u05d0\u05d3\u05e0\u05d3\u05d5\u05dd",
  "\u05d0\u05d8",
  "\u05d0\u05d9\u05d0\u05e7\u05d5\u05dc\u05d9\u05e1",
  "\u05d0\u05d9\u05d1\u05df",
  "\u05d0\u05d9\u05e3",
  "\u05d0\u05d9\u05e4\u05e1\u05d5\u05dd",
  "\u05d0\u05dc\u05d9\u05ea",
  "\u05d0\u05dc\u05de\u05e0\u05e7\u05d5\u05dd",
  "\u05d0\u05de\u05d8",
  "\u05d0\u05e1",
  "\u05d0\u05e4\u05d0\u05d7",
  "\u05d0\u05e7\u05d5\u05d5\u05d6\u05de\u05df",
  "\u05d0\u05e8\u05d5\u05d5\u05e1",
  "\u05d1\u05d2\u05d5\u05e8\u05de\u05d9",
  "\u05d1\u05d5\u05e8\u05e7?",
  "\u05d1\u05dc\u05d5\u05d1\u05e7",
  "\u05d1\u05dc\u05d9\u05e0\u05d3\u05d5",
  "\u05d1\u05dc\u05d9\u05e0\u05da",
  "\u05d1\u05dc\u05d9\u05e7\u05e8\u05d4",
  "\u05d1\u05e2\u05dc\u05d9\u05e7",
  "\u05d1\u05e2\u05e8\u05d9\u05e8",
  "\u05d1\u05e8\u05d0\u05d9\u05d8",
  "\u05d1\u05e8\u05d5\u05de\u05e5",
  "\u05d1\u05e8\u05d9\u05e7\u05e0\u05d4",
  "\u05d1\u05e8\u05e9\u05d2",
  "\u05d2\u05d3\u05d3\u05d9\u05e9",
  "\u05d2\u05d5\u05dc\u05e8",
  "\u05d2\u05e7",
  "\u05d3\u05d5\u05dc",
  "\u05d3\u05d5\u05dc\u05d5\u05e8",
  "\u05d3\u05d5\u05de\u05d5\u05e8",
  "\u05d3\u05d6",
  "\u05d3\u05d9\u05d0\u05dd",
  "\u05d3\u05dc\u05d0\u05de\u05ea",
  "\u05d3\u05e1",
  "\u05d4\u05d1\u05e7\u05d9\u05e5",
  "\u05d4\u05d3\u05e9",
  "\u05d4\u05d5\u05e2\u05e0\u05d9\u05d1",
  "\u05d4\u05d9\u05d5\u05e9\u05d1\u05d1",
  "\u05d4\u05db\u05d9\u05d9\u05e8",
  "\u05d4\u05e9\u05de\u05d4",
  "\u05d4\u05ea\u05d9\u05d3\u05dd",
  "\u05d5\u05d5\u05d0\u05dc",
  "\u05d5\u05d5\u05dc\u05d5\u05e4\u05d8\u05d4",
  "\u05d5\u05d7\u05d0\u05d9\u05ea",
  "\u05d5\u05dc\u05d7\u05ea",
  "\u05d5\u05dc\u05ea\u05d9\u05e2\u05dd",
  "\u05d5\u05de\u05e2\u05d9\u05d5\u05d8",
  "\u05d5\u05de\u05e8\u05d2\u05e9\u05d7",
  "\u05d5\u05e1\u05d8\u05d9\u05d1\u05d5\u05dc\u05d5\u05dd",
  "\u05d5\u05e1\u05ea\u05e2\u05d3",
  "\u05d5\u05e7",
  "\u05d5\u05ea\u05dc\u05d1\u05e8\u05d5",
  "\u05d6\u05d5\u05ea\u05d4",
  "\u05d7\u05e9\u05dc\u05d5",
  "\u05d8\u05d9\u05d3\u05d5\u05dd",
  "\u05d9\u05d1\u05e9",
  "\u05d9\u05d4\u05d5\u05dc",
  "\u05d9\u05e9\u05d1\u05e2\u05e1",
  "\u05db\u05d0\u05e0\u05d4",
  "\u05db\u05dc\u05e8\u05e9\u05d8",
  "\u05dc\u05d4\u05d0\u05de\u05d9\u05ea",
  "\u05dc\u05d5\u05e8\u05dd",
  "\u05dc\u05d9\u05d0\u05de\u05d5\u05dd",
  "\u05dc\u05d9\u05d1\u05dd",
  "\u05dc\u05d9\u05e5",
  "\u05dc\u05db\u05d9\u05de\u05e4\u05d5",
  "\u05dc\u05db\u05e0\u05d5",
  "\u05dc\u05db\u05e0\u05d5\u05e5",
  "\u05dc\u05de\u05d8\u05db\u05d9\u05df",
  "\u05dc\u05de\u05e8\u05e7\u05d5\u05d7",
  "\u05dc\u05de\u05e8\u05e7\u05dc",
  "\u05dc\u05e4\u05de\u05e2\u05d8",
  "\u05dc\u05e4\u05e8\u05d9\u05e7\u05da",
  "\u05dc\u05e4\u05ea\u05d9\u05e2\u05dd",
  "\u05dc\u05e7\u05d8\u05d5\u05e1",
  "\u05dc\u05e8\u05d8\u05d9",
  "\u05dc\u05ea\u05d9\u05d2",
  "\u05dc\u05ea\u05db\u05d9",
  "\u05de\u05d0",
  "\u05de\u05d2\u05de\u05e9",
  "\u05de\u05d5\u05e0\u05d7\u05e3",
  "\u05de\u05d5\u05e0\u05e4\u05e8\u05d3",
  "\u05de\u05d5\u05e0\u05e4\u05e8\u05e8",
  "\u05de\u05d5\u05e1\u05df",
  "\u05de\u05d5\u05e8\u05d2\u05dd",
  "\u05de\u05d9\u05d7\u05d5\u05e6\u05d9\u05dd",
  "\u05de\u05e0\u05d5\u05e8\u05da",
  "\u05de\u05e0\u05db\u05dd",
  "\u05de\u05e0\u05e7",
  "\u05de\u05e0\u05ea",
  "\u05de\u05e8\u05d2\u05e9\u05d9",
  "\u05e0\u05d5\u05d1\u05e9",
  "\u05e0\u05d5\u05dc\u05d5\u05dd",
  "\u05e0\u05d5\u05df",
  "\u05e0\u05d5\u05e0\u05e1\u05d8\u05d9",
  "\u05e0\u05d9\u05d1\u05d0\u05d4",
  "\u05e0\u05d9\u05e1\u05d9",
  "\u05e0\u05d9\u05e6\u05d0\u05d7\u05d5",
  "\u05e0\u05de\u05e8\u05d2\u05d9",
  "\u05e0\u05e9\u05d5\u05d0\u05d9",
  "\u05e1\u05d0\u05e4\u05d9\u05d0\u05df",
  "\u05e1\u05d5\u05d1\u05e8\u05d8",
  "\u05e1\u05d5\u05dc\u05d2\u05e7",
  "\u05e1\u05d5\u05dc\u05d9\u05e1\u05d9",
  "\u05e1\u05d7\u05d8\u05d9\u05e8",
  "\u05e1\u05d8\u05d5\u05dd",
  "\u05e1\u05d9\u05d8",
  "\u05e1\u05d9\u05dc\u05e7\u05d5\u05e3",
  "\u05e1\u05db\u05e2\u05d9\u05d8",
  "\u05e1\u05ea",
  "\u05e1\u05ea\u05e9\u05dd",
  "\u05e2\u05de\u05d7\u05dc\u05d9\u05e3",
  "\u05e2\u05e8\u05e9\u05e9\u05e3",
  "\u05e4\u05d5\u05e1\u05d9\u05dc\u05d9\u05e1",
  "\u05e6\u05d5\u05d8",
  "\u05e6\u05d5\u05e4\u05e2\u05d8",
  "\u05e6\u05d5\u05e8\u05e7",
  "\u05e7\u05d5\u05d5\u05d9\u05d6",
  "\u05e7\u05d5\u05d5\u05d9\u05e1",
  "\u05e7\u05d5\u05dc\u05d4\u05e2",
  "\u05e7\u05d5\u05dc\u05d5\u05e8\u05e1",
  "\u05e7\u05d5\u05e0\u05d3\u05d9\u05de\u05e0\u05d8\u05d5\u05dd",
  "\u05e7\u05d5\u05e0\u05e1\u05e7\u05d8\u05d5\u05e8\u05e8",
  "\u05e7\u05d5\u05e8\u05d5\u05e1",
  "\u05e7\u05dc\u05d0\u05e6\u05d9",
  "\u05e7\u05dc\u05d5\u05d1\u05e8",
  "\u05e7\u05e8\u05d0\u05e1",
  "\u05e7\u05e8\u05d4\u05e9\u05e7",
  "\u05e8\u05d5\u05d2\u05e6\u05d4",
  "\u05e9\u05d1\u05e6\u05e7",
  "\u05e9\u05d4\u05db\u05d9\u05dd",
  "\u05e9\u05dc\u05d5\u05e9\u05e2",
  "\u05e9\u05de\u05d7\u05d5\u05d9\u05d8",
  "\u05e9\u05e0\u05e8\u05d0",
  "\u05e9\u05e2\u05d5\u05ea\u05dc\u05e9\u05da",
  "\u05e9\u05e2\u05e8\u05e9",
  "\u05ea\u05d5\u05e7",
  "\u05ea\u05e6\u05d8\u05e0\u05e4\u05dc",
  "\u05ea\u05e6\u05d8\u05e8\u05d9\u05e7",
  "\u05ea\u05e8\u05d1\u05e0\u05da"
)

#' Lorem provider Hebrew
#'
#' Methods for Lorem Ipsum generation.
#' Lorem Ipsum is a placeholder text commonly used to demonstrate the visual
#' form of a document or a typeface without relying on meaningful content.
#' @family he
#' @family IL
#' @export
#' @examples
#' x <- LoremProvider_he_IL$new()
#' x$word()
#' x$words(3)
#' x$words(6)
#' x$sentence()
#' x$paragraph()
#' x$paragraphs(3)
#' cat(x$paragraphs(6), sep = "\n")
#' x$text(19)
#' x <- LoremProvider_he_IL$new(word_connector = " --- ")
#' x$paragraph(4)
LoremProvider_he_IL <- R6::R6Class(
  inherit = LoremProvider,
  "LoremProvider_he_IL",
  private = list(
    locale_ = "he_IL",
    word_list = lorem_word_list_he_il
  )
)
