# modified from the python library faker:
# https://github.com/joke2k/faker/blob/master/faker/providers/person/ne_NP/__init__.py

person_formats_female_ne_np <- c(
  "{{first_names_female}} {{last_names}}",
  "{{first_names_female}} {{last_names}}",
  "{{first_names_female}} {{last_names}}",
  "{{first_names_female}} {{last_names}}",
  "{{first_names_female}} {{last_names}}",
  "{{prefixes_female}} {{first_names_female}} {{last_names}}"
)

person_formats_male_ne_np <- c(
  "{{first_names_male}} {{last_names}}",
  "{{first_names_male}} {{last_names}}",
  "{{first_names_male}} {{last_names}}",
  "{{first_names_male}} {{last_names}}",
  "{{first_names_male}} {{last_names}}",
  "{{prefixes_male}} {{first_names_male}} {{last_names}}"
)

person_formats_ne_np <- c(person_formats_male_ne_np, person_formats_female_ne_np)

person_first_names_female_ne_np <- c(
  "\u0905\u0902\u0917\u0941\u0930",
  "\u0905\u091c\u093f\u0924\u093e",
  "\u0905\u091e\u094d\u091c\u0928\u093e",
  "\u0905\u0926\u093f\u0924\u0940",
  "\u0905\u0928\u0927\u093e",
  "\u0905\u0928\u093f\u0924\u093e",
  "\u0905\u0928\u093f\u0924\u093e",
  "\u0905\u0928\u093f\u0924\u093e",
  "\u0905\u0928\u093f\u0924\u093e",
  "\u0905\u0928\u0941",
  "\u0905\u0928\u0941\u092a\u092e\u093e",
  "\u0905\u0928\u0941\u0930\u093e",
  "\u0905\u0928\u0941\u0936\u0941\u092f\u093e",
  "\u0905\u0928\u094d\u091c\u0932\u0940",
  "\u0905\u0928\u094d\n\u0928\u092a\u0942\u0930\u094d\u0923",
  "\u0905\u092a\u0930\u094d\u0923\u093e",
  "\u0905\u092e\u0930\u093e\u0935\u0924\u0940",
  "\u0905\u092e\u093f\u0915\u093e",
  "\u0905\u092e\u0943\u0924",
  "\u0905\u092e\u0943\u0924\u093e",
  "\u0905\u092e\u094d\u0935\u093f\u0915\u093e",
  "\u0905\u092e\u094d\u0935\u093f\u0915\u093e",
  "\u0905\u092e\u094d\u0935\u0940\u0915\u093e",
  "\u0905\u0930\u0941\u0923\u093e",
  "\u0905\u0930\u094d\u091a\u0928\u093e",
  "\u0905\u0930\u094d\u091a\u0928\u093e",
  "\u0905\u0930\u094d\u091a\u0928\u093e",
  "\u0905\u0930\u094d\u091a\u0928\u093e",
  "\u0905\u0938\u094d\n\u092e\u093f\u0924\u093e",
  "\u0906\u091c\u094d\u091e\u093e",
  "\u0906\u092d\u093e",
  "\u0906\u092f\u0941\u0937\u093e",
  "\u0906\u092f\u0941\u0937\u094d\n\u092e\u093e",
  "\u0906\u0935\u0943\u0924\u093e",
  "\u0906\u0936\u093e",
  "\u0907\u091a\u094d\u091b\u093e",
  "\u0907\u0928\u094d\u0926\u093f\u0930\u093e",
  "\u0907\u0928\u094d\u0926\u093f\u0930\u093e",
  "\u0907\u0928\u094d\u0926\u093f\u0930\u093e",
  "\u0907\u0928\u094d\u0926\u093f\u0930\u093e",
  "\u0907\u0928\u094d\u0926\u0940\u0930\u093e",
  "\u0907\u0928\u094d\u0926\u0941",
  "\u0907\u0928\u094d\u0926\u0941",
  "\u0907\u0928\u094d\u0926\u094d\u0930",
  "\u0907\u0928\u094d\u0926\u094d\u0930",
  "\u0907\u0928\u094d\n\u0926\u094d\u0930",
  "\u0907\u092d\u0928",
  "\u0907\u092d\u093e",
  "\u0907\u0936\u0941",
  "\u0908\u0924\u093e\u0938\u093e",
  "\u0908\u0928\u094d\u0926\u0941",
  "\u0908\u0932\u093e",
  "\u0908\u0936\u093e",
  "\u0908\u0936\u093e",
  "\u0908\u0936\u094d\n\u0935\u0930\u0940",
  "\u0908\u0936\u094d\n\u0935\u0930\u0940",
  "\u0908\u0936\u094d\n\u0935\u0930\u0940",
  "\u0909\u0924\u094d\u0924\u0930\u093e",
  "\u0909\u092a\u093e\u0938\u0928\u093e",
  "\u0909\u092e\u093e",
  "\u0909\u092e\u093e",
  "\u0909\u092e\u093e",
  "\u0909\u092e\u093e",
  "\u0909\u0930\u094d\u092e\u093f\u0932\u093e",
  "\u0909\u0930\u094d\u092e\u093f\u0932\u093e",
  "\u0909\u0930\u094d\u092e\u093f\u0932\u093e",
  "\u0909\u0937\u093e",
  "\u0909\u0937\u093e",
  "\u0909\u0937\u093e",
  "\u0909\u0937\u093e",
  "\u0909\u0937\u093e",
  "\u0909\u0937\u093e",
  "\u090f\u0932\u093f\u0936\u093e",
  "\u090f\u0932\u093f\u0938\u093e",
  "\u090f\u0932\u093f\u0938\u093e",
  "\u0910\u0930\u093f\u0915\u093e",
  "\u0915\u092e\u0932\u093e",
  "\u0915\u092e\u0932\u093e",
  "\u0915\u092e\u0932\u093e",
  "\u0915\u092e\u0932\u093e",
  "\u0915\u092e\u0932\u093e",
  "\u0915\u0930\u094d\u0938\u093e\u0919",
  "\u0915\u0932\u094d\u092a\u0928\u093e",
  "\u0915\u0935\u093f\u0924\u093e",
  "\u0915\u0935\u093f\u0924\u093e",
  "\u0915\u093e\u0928\u094d\u0924\u0940",
  "\u0915\u093e\u0928\u094d\n\u0924\u093e",
  "\u0915\u093e\u092e\u0928\u093e",
  "\u0915\u093e\u0932\u0938\u093e\u0919\u094d\u0917",
  "\u0915\u093f\u0930\u0923",
  "\u0915\u093f\u0930\u0923",
  "\u0915\u093f\u0930\u0923",
  "\u0915\u0941\u0938\u0941\u092e",
  "\u0915\u0943\u0924\u093f\u0915\u093e",
  "\u0915\u0943\u0937\u094d\u091f\u093f\u0928\u093e",
  "\u0915\u0943\u0937\u094d\u0923",
  "\u0915\u0943\u0937\u094d\u0923",
  "\u0915\u0943\u0937\u094d\u0923",
  "\u0915\u0943\u0937\u094d\u0923",
  "\u0915\u0943\u0937\u094d\n\u0923",
  "\u0915\u0943\u0937\u094d\n\u0923",
  "\u0915\u0947\u092e\u093e",
  "\u0915\u0947\u0936\u0930\u0940",
  "\u0915\u094b\u092e\u0932",
  "\u0917\u0902\u0917\u093e",
  "\u0917\u0902\u0917\u093e",
  "\u0917\u0902\u0917\u093e",
  "\u0917\u0923\u0947\u0936",
  "\u0917\u0930\u0940\u092e\u093e",
  "\u0917\u093e\u092f\u0924\u094d\u0930\u0940",
  "\u0917\u0940\u0924\u093e",
  "\u0917\u0940\u0924\u093e",
  "\u0917\u0940\u0924\u093e",
  "\u0917\u0940\u0924\u093e",
  "\u0917\u094c\u0930\u0940",
  "\u091a\u0923\u094d\u0921\u093f\u0915\u093e",
  "\u091a\u0928\u094d\u0926\u093e",
  "\u091a\u0928\u094d\u0926\u093e",
  "\u091a\u0928\u094d\u0926\u093e",
  "\u091a\u0928\u094d\u0926\u093e",
  "\u091a\u0928\u094d\u0926\u094d\u0930\u092e\u093e\u092f\u093e",
  "\u091a\u0928\u094d\u0926\u094d\u0930\u0932\u0915\u094d\u0937\u094d\u092e\u0940",
  "\u091a\u0928\u094d\u0926\u094d\u0930\u093e",
  "\u091a\u092e\u094d\u092a\u093e",
  "\u091a\u093e\u0901\u0926\u0928\u0940",
  "\u091a\u093f\u0928\u0940",
  "\u091a\u093f\u0928\u0940",
  "\u091a\u0941\u0928\u0941",
  "\u091a\u0941\u0930\u0940\u0928\u093e\u0928\u0940",
  "\u091b\u093f\u0930\u093f\u0919",
  "\u091b\u093f\u0930\u093f\u0919",
  "\u091b\u093f\u0930\u093f\u0919",
  "\u091b\u0941\u0919\u0921\u094d\u092f\u093e\u0915",
  "\u091b\u0947\u0924\u0928",
  "\u091b\u094b\u0915\u094d\u092a\u093e",
  "\u091c\u0924\u0928",
  "\u091c\u0928\u0915",
  "\u091c\u092e\u0941\u0928\u093e",
  "\u091c\u092e\u0941\u0928\u093e",
  "\u091c\u092f\u0936\u094d\u0930\u0940",
  "\u091c\u0941\u0928\u093e",
  "\u091c\u0941\u0928\u0941",
  "\u091c\u0941\u0932\u0941\u092e",
  "\u091c\u094d\u091e\u093e\u0928\u0939\u0947\u0930\u093e",
  "\u091c\u094d\u091e\u093e\u0928\u0940",
  "\u091c\u094d\u091e\u093e\u0928\u0941",
  "\u091c\u094d\u092f\u093e\u0938\u094d\u092e\u0940\u0928",
  "\u091d\u093f\u0928\u093e\u0932\u093e",
  "\u091f\u093e\u0938\u0940",
  "\u091f\u093f\u0928\u093e",
  "\u0921\u093f\u0932\u0941",
  "\u0921\u094b\u092e\u093e",
  "\u0921\u094b\u0932\u0940",
  "\u0921\u094b\u0932\u094d\u092e\u093e",
  "\u0924\u093e\u0928\u093f\u092f\u093e",
  "\u0924\u093e\u0930\u093e",
  "\u0924\u093e\u0930\u093e",
  "\u0924\u0941\u0932\u0938\u0940",
  "\u0924\u0947\u091c\u0938\u094d\u0935\u0940",
  "\u0924\u094b\u092f\u093e",
  "\u0924\u094b\u0930\u0923",
  "\u0925\u093f\u0928\u094d\u0932\u0947",
  "\u0926\u092e\u092f\u0928\u094d\u0924\u093f",
  "\u0926\u093f\u092a",
  "\u0926\u093f\u092a\u093e",
  "\u0926\u093f\u092a\u093e\u091e\u094d\n\u091c\u0932\u0940",
  "\u0926\u093f\u092a\u093f\u0938\u093e",
  "\u0926\u093f\u0932",
  "\u0926\u0940\u0915\u094d\u0937\u093e",
  "\u0926\u0941\u0930\u094d\u0917\u093e",
  "\u0926\u0947\u091a\u0947\u0928",
  "\u0926\u0947\u092c\u0915\u0940",
  "\u0926\u0947\u0935\u0915\u0940",
  "\u0926\u0947\u0935\u0940",
  "\u0927\u0928\u092e\u093e\u092f\u093e",
  "\u0927\u0928\u094d\u091c\u0941",
  "\u0927\u0928\u094d\u0936\u094d\n\u0935\u0930\u0940",
  "\u0927\u0930\u094d\u092e",
  "\u0928\u0917\u093f\u0928\u093e",
  "\u0928\u092e\u094d\u0930\u0924\u093e",
  "\u0928\u093e\u0924\u0940",
  "\u0928\u093e\u0928\u0941",
  "\u0928\u093e\u0930\u0928",
  "\u0928\u093e\u0930\u093e\u092f\u0923",
  "\u0928\u093f\u0915\u093f\u0924\u093e",
  "\u0928\u093f\u0915\u094d\u0937\u093e",
  "\u0928\u093f\u0927\u0940",
  "\u0928\u093f\u092d\u093e",
  "\u0928\u093f\u092e\u093e",
  "\u0928\u093f\u092e\u094d\u092e\u0940",
  "\u0928\u093f\u092e\u094d\u092e\u0940",
  "\u0928\u093f\u0930\u091c\u093e",
